CARE:PERSONNEL
234000.0
39000.0
39000.0
39000.0
117000.0
39000.0
39000.0
39000.0
117000.0
0.0
0.0
0.0
0.0
0.0
0.0
0.0
0.0
234000.0
CARE:FRINGE BENEFIT
6500.0
750.0
750.0
750.0
2250.0
750.0
750.0
2750.0
4250.0
0.0
0.0
0.0
0.0
0.0
0.0
0.0
0.0
6500.0
CARE:TRAVEL
231000.0
0.0
0.0
48990.0
48990.0
0.0
100000.0
82010.0
182010.0
0.0
0.0
0.0
0.0
0.0
0.0
0.0
0.0
231000.0
CARE:SUPPLIES
9900.0
0.0
0.0
0.0
0.0
0.0
9900.0
0.0
9900.0
0.0
0.0
0.0
0.0
0.0
0.0
0.0
0.0
9900.0
CARE:OTHER
198600.0
1700.0
9450.0
9700.0
20850.0
10300.0
121300.0
46150.0
177750.0
0.0
0.0
0.0
0.0
0.0
0.0
0.0
0.0
198600.0
