CARE-COACH-1:PERSONNEL
1432104.0
0.0
210684.0
105342.0
316026.0
161342.0
119342.0
119342.0
400026.0
119342.0
119342.0
119342.0
358026.0
119342.0
119342.0
119342.0
358026.0
0.0
CARE-COACH-1:FRINGE BENEFIT
33000.0
0.0
4500.0
2250.0
6750.0
2250.0
2250.0
2250.0
6750.0
2250.0
2250.0
2250.0
6750.0
2250.0
8250.0
2250.0
12750.0
0.0
CARE-COACH-1:TRAVEL
2715000.0
0.0
101383.0
42014.0
143397.0
1650000.0
455000.0
316603.0
2421603.0
0.0
50000.0
0.0
50000.0
0.0
0.0
100000.0
100000.0
0.0
CARE-COACH-1:EQUIPMENT
0.0
0.0
0.0
0.0
0.0
0.0
0.0
0.0
0.0
0.0
0.0
0.0
0.0
0.0
0.0
0.0
0.0
0.0
CARE-COACH-1:SUPPLIES
12902.0
0.0
0.0
0.0
0.0
0.0
12902.0
0.0
12902.0
0.0
0.0
0.0
0.0
0.0
0.0
0.0
0.0
0.0
CARE-COACH-1:OTHER
1400390.0
0.0
77550.0
84780.0
162330.0
670900.0
105000.0
239900.0
1015800.0
4500.0
50000.0
50000.0
104500.0
51200.0
25470.0
41090.0
117760.0
0.0
