CEI-NR:PERSONNEL
338400.0
5600.0
12600.0
12600.0
30800.0
27400.0
27400.0
27400.0
82200.0
27400.0
27400.0
27400.0
82200.0
27400.0
27400.0
27400.0
82200.0
277400.0
CEI-NR:FRINGE BENEFIT
0.0
0.0
0.0
0.0
0.0
0.0
0.0
0.0
0.0
0.0
0.0
0.0
0.0
0.0
0.0
0.0
0.0
0.0
CEI-NR:TRAVEL
0.0
0.0
0.0
0.0
0.0
0.0
0.0
0.0
0.0
0.0
0.0
0.0
0.0
0.0
0.0
0.0
0.0
0.0
CEI-NR:EQUIPMENT
160000.0
0.0
0.0
0.0
0.0
0.0
160000.0
0.0
160000.0
0.0
0.0
0.0
0.0
0.0
0.0
0.0
0.0
160000.0
CEI-NR:SUPPLIES
1426660.0
0.0
0.0
0.0
0.0
746600.0
8300.0
98300.0
853200.0
208300.0
331960.0
8300.0
548560.0
8300.0
8300.0
8300.0
24900.0
1426660.0
CEI-NR:CONTRACT


















CEI-NR:CONSTRUCTION


















CEI-NR:OTHER
234103.66999999998
0.0
0.0
0.0
0.0
23200.0
4000.0
44000.0
71200.0
23200.0
29000.0
4000.0
56200.0
23200.0
29000.0
54503.67
106703.67
234103.67
