CU2-MOPH:PERSONNEL
2214960.0
156470.0
169070.0
171470.0
497010.0
179290.0
201790.0
201790.0
582870.0
164570.0
164570.0
164570.0
493710.0
164570.0
164570.0
165370.0
494510.0
2068100.0
CU2-MOPH:FRINGE BENEFIT
33000.0
1500.0
1500.0
1500.0
4500.0
1500.0
2250.0
2250.0
6000.0
2250.0
2250.0
8250.0
12750.0
2250.0
2250.0
2250.0
6750.0
30000.0
CU2-MOPH:TRAVEL
2314000.0
0.0
0.0
0.0
0.0
0.0
730000.0
24000.0
754000.0
332000.0
937000.0
24000.0
1293000.0
0.0
65000.0
202000.0
267000.0
2314000.0
CU2-MOPH:EQUIPMENT
0.0
0.0
0.0
0.0
0.0
0.0
0.0
0.0
0.0
0.0
0.0
0.0
0.0
0.0
0.0
0.0
0.0
0.0
CU2-MOPH:SUPPLIES
90145.79
0.0
37340.92
0.0
37340.92
0.0
0.0
0.0
0.0
0.0
0.0
0.0
0.0
0.0
52804.87
0.0
52804.87
90145.79
CU2-MOPH:CONTRACT
1974988.0
0.0
0.0
0.0
0.0
0.0
0.0
0.0
0.0
0.0
1174988.0
0.0
1174988.0
0.0
0.0
800000.0
800000.0
1974988.0
CU2-MOPH:CONSTRUCTION
0.0
0.0
0.0
0.0
0.0
0.0
0.0
0.0
0.0
0.0
0.0
0.0
0.0
0.0
0.0
0.0
0.0
0.0
CU2-MOPH:OTHER
2999374.0
53220.0
56000.0
72200.0
181420.0
73120.0
124000.0
91000.0
288120.0
129000.0
25000.0
58000.0
212000.0
20000.0
67960.0
2217874.0
2305834.0
2987374.0
