DGHP-OHWFD:PERSONNEL
265680.0
17000.0
17000.0
17000.0
51000.0
17000.0
17000.0
17000.0
51000.0
17000.0
17000.0
17000.0
51000.0
17000.0
17000.0
17000.0
51000.0
204000.0
DGHP-OHWFD:FRINGE BENEFIT
9000.0
0.0
0.0
0.0
0.0
0.0
0.0
0.0
0.0
0.0
0.0
0.0
0.0
0.0
0.0
0.0
0
0.0
DGHP-OHWFD:TRAVEL
725000.0
0
0.0
0
0.0
130000.0
0.0
30000.0
160000.0
110000.0
30000.0
140000.0
280000.0
285000.0
0.0
0.0
285000.0
725000.0
DGHP-OHWFD:EQUIPMENT
40000.0
0
0.0
0
0.0
0.0
0.0
40000.0
40000.0
0.0
0.0
0.0
0.0
0.0
0.0
0.0
0
40000.0
DGHP-OHWFD:SUPPLIES
102420.0
0
0.0
0
0.0
0.0
20000.0
0.0
20000.0
0.0
0.0
0.0
0.0
32420.0
0.0
0.0
32420.0
52420.0
DGHP-OHWFD:CONTRACT
0.0
0
0.0
0
0.0
0.0
0.0
0.0
0.0
0.0
0.0
0.0
0.0
0.0
0.0
0.0
0
0.0
DGHP-OHWFD:CONSTRUCTION
0.0
0.0
0.0
0.0
0.0
0.0
0.0
0.0
0.0
0.0
0.0
0.0
0.0
0.0
0.0
0.0
0.0
0.0
DGHP-OHWFD:OTHER
1089968.82
0
0.0
0.0
0.0
56000.0
136000.0
60000.0
252000.0
260000.0
0.0
0.0
260000.0
248760.0
40000.0
189208.82
477968.82
989968.82
