DGHP-IPC:PERSONNEL
1013160.0
74200.0
74200.0
74200.0
222600.0
94660.0
94660.0
94660.0
283980.0
84430.0
84430.0
84430.0
253290.0
84430.0
84430.0
84430.0
253290.0
1013160.0
DGHP-IPC:FRINGE BENEFIT
22000.0
1500.0
1500.0
1500.0
4500.0
1500.0
1500.0
1500.0
4500.0
1500.0
1500.0
5500.0
8500.0
1500.0
1500.0
1500.0
4500.0
22000.0
DGHP-IPC:TRAVEL
380000.0
3300.0
0.0
10500.0
13800.0
0.0
50000.0
7200.0
57200.0
0.0
0.0
6000.0
6000.0
199000.0
104000.0
0.0
303000.0
380000.0
DGHP-IPC:EQUIPMENT
0.0
0.0
0.0
0.0
0.0
0.0
0.0
0.0
0.0
0.0
0.0
0.0
0.0
0.0
0.0
0.0
0.0
0.0
DGHP-IPC:SUPPLIES
23334.73
0.0
0.0
0.0
0.0
0.0
0.0
12000.0
12000.0
0.0
0.0
0.0
0.0
11334.73
0.0
0.0
11334.73
23334.73
DGHP-IPC:CONTRACT


















DGHP-IPC:CONSTRUCTION


















DGHP-IPC:OTHER
592672.0
27361.93
13961.93
62300.0
103623.86
17000.0
16000.0
189600.0
222600.0
16000.0
16000.0
62200.0
94200.0
56000.0
51000.0
65248.14
172248.14
592672.0
