DGHP-SEVPN:PERSONNEL
374160.0
28460.0
31460.0
31460.0
91380.0
31460.0
31460.0
31460.0
94380.0
31460.0
31460.0
31460.0
94380.0
31460.0
31460.0
31100.0
94020.0
374160.0
DGHP-SEVPN:FRINGE BENEFIT
11000.0
750.0
750.0
750.0
2250.0
750.0
750.0
750.0
2250.0
2750.0
750.0
750.0
4250.0
750.0
750.0
750.0
2250.0
11000.0
DGHP-SEVPN:TRAVEL
591500.0
0.0
0.0
0.0
0.0
25500.0
1500.0
1500.0
28500.0
1500.0
1500.0
0.0
3000.0
440000.0
120000.0
0.0
560000.0
591500.0
DGHP-SEVPN:EQUIPMENT
42200.0
0.0
0.0
0.0
0.0
0.0
42200.0
0.0
42200.0
0.0
0.0
0.0
0.0
0.0
0.0
0.0
0.0
42200.0
DGHP-SEVPN:SUPPLIES
7266.0
0.0
0.0
0.0
0.0
0.0
0.0
7266.0
7266.0
0.0
0.0
0.0
0.0
0.0
0.0
0.0
0.0
7266.0
DGHP-SEVPN:CONTRACT
0.0
0.0
0.0
0.0
0.0
0.0
0.0
0.0
0.0
0.0
0.0
0.0
0.0
0.0
0.0
0.0
0.0
0.0
DGHP-SEVPN:CONSTRUCTION
0.0
0.0
0.0
0.0
0.0
0.0
0.0
0.0
0.0
0.0
0.0
0.0
0.0
0.0
0.0
0.0
0.0
0.0
DGHP-SEVPN:OTHER
445852.51
4600.0
300.0
4600.0
9500.0
41800.0
31800.0
32120.0
105720.0
29800.0
29800.0
300.0
59900.0
221132.51
49300.0
300.0
270732.51
445852.51
