DGHP-DENARS:PERSONNEL
1325040.0
110420.0
110420.0
110420.0
331260.0
110420.0
110420.0
110420.0
331260.0
110420.0
110420.0
110420.0
331260.0
110420.0
110420.0
110420.0
331260.0
1325040.0
DGHP-DENARS:FRINGE BENEFIT
44000.0
3000.0
3000.0
3000.0
9000.0
3000.0
3000.0
3000.0
9000.0
3000.0
3000.0
3000.0
9000.0
3000.0
11000.0
3000.0
17000.0
44000.0
DGHP-DENARS:TRAVEL
2332500.0
0.0
170000.0
407500.0
577500.0
222500.0
182500.0
482500.0
887500.0
170000.0
222500.0
72500.0
465000.0
165000.0
237500.0
0.0
402500.0
2332500.0
DGHP-DENARS:EQUIPMENT
50000.0
0.0
0.0
50000.0
50000.0
0.0
0.0
0.0
0.0
0.0
0.0
0.0
0.0
0.0
0.0
0.0
0.0
50000.0
DGHP-DENARS:SUPPLIES
60522.0
0.0
0.0
55261.0
55261.0
0.0
0.0
0.0
0.0
5261.0
0.0
0.0
5261.0
0.0
0.0
0.0
0.0
60522.0
DGHP-DENARS:CONTRACT
0.0
0.0
0.0
0.0
0.0
0.0
0.0
0.0
0.0
0.0
0.0
0.0
0.0
0.0
0.0
0.0
0.0
0.0
DGHP-DENARS:CONSTRUCTION
0.0
0.0
0.0
0.0
0.0
0.0
0.0
0.0
0.0
0.0
0.0
0.0
0.0
0.0
0.0
0.0
0.0
0.0
DGHP-DENARS:OTHER
727075.8
3900.0
151100.0
364400.0
519400.0
18300.0
9900.0
25300.0
53500.0
54475.8
20300.0
14900.0
89675.8
48300.0
12300.0
3900.0
64500.0
727075.8
