DGHP-EOC:PERSONNEL
302400.0
25200.0
25200.0
25200.0
75600.0
25200.0
25200.0
25200.0
75600.0
25200.0
25200.0
25200.0
75600.0
25200.0
25200.0
25200.0
75600.0
302400.0
DGHP-EOC:FRINGE BENEFIT
11000.0
750.0
750.0
750.0
2250.0
750.0
750.0
750.0
2250.0
750.0
2750.0
750.0
4250.0
750.0
750.0
750.0
2250.0
11000.0
DGHP-EOC:TRAVEL
1547200.0
600.0
35600.0
270600.0
306800.0
35600.0
55600.0
600.0
91800.0
396600.0
55600.0
600.0
452800.0
270600.0
600.0
600.0
271800.0
1123200.0
DGHP-EOC:EQUIPMENT


















DGHP-EOC:SUPPLIES
20000.0
0.0
0.0
10000.0
10000.0
0.0
0.0
0.0
0.0
0.0
0.0
10000.0
10000.0
0.0
0.0
0.0
0.0
20000.0
DGHP-EOC:CONTRACT


















DGHP-EOC:CONSTRUCTION


















DGHP-EOC:OTHER
112257.9
600.0
10200.0
600.0
11400.0
10200.0
600.0
40200.0
51000.0
600.0
10200.0
600.0
11400.0
45218.0
600.0
600.0
46418.0
120218.0
