DGHP-OH:PERSONNEL
717600.0
48000.0
48000.0
49960.0
145960.0
65880.0
50880.0
50880.0
167640.0
58430.0
50880.0
92880.0
202190.0
50880.0
50880.0
91410.0
193170.0
708960.0
DGHP-OH:FRINGE BENEFIT
22000.0
750.0
1500.0
1500.0
3750.0
1500.0
1500.0
1500.0
4500.0
1500.0
1500.0
1500.0
4500.0
5500.0
1500.0
1500.0
8500.0
21250.0
DGHP-OH:TRAVEL
430200.0
0.0
0.0
230000.0
230000.0
165000.0
0.0
15000.0
180000.0
10200.0
0.0
10000.0
20200.0
0.0
0.0
0.0
0.0
430200.0
DGHP-OH:EQUIPMENT
0.0
0.0
0.0
0.0
0.0
0.0
0.0
0.0
0.0
0.0
0.0
0.0
0.0
0.0
0.0
0.0
0.0
0.0
DGHP-OH:SUPPLIES
30000.0
0.0
0.0
0.0
0.0
30000.0
0.0
0.0
30000.0
0.0
0.0
0.0
0.0
0.0
0.0
0.0
0.0
30000.0
DGHP-OH:CONTRACT
360000.0
0.0
0.0
0.0
0.0
120000.0
30000.0
30000.0
180000.0
30000.0
30000.0
30000.0
90000.0
30000.0
30000.0
30000.0
90000.0
360000.0
DGHP-OH:CONSTRUCTION
0.0
0.0
0.0
0.0
0.0
0.0
0.0
0.0
0.0
0.0
0.0
0.0
0.0
0.0
0.0
0.0
0.0
0.0
DGHP-OH:OTHER
3194043.75
0.0
0.0
245600.0
245600.0
2433200.0
10000.0
20000.0
2463200.0
350000.0
10000.0
18435.7
378435.7
86808.05
0.0
20000.0
106808.05
3194043.75
