DGHP-FARMER:PERSONNEL
488640.0
40720.0
40720.0
40720.0
122160.0
40720.0
40720.0
40720.0
122160.0
40720.0
40720.0
40720.0
122160.0
40720.0
40720.0
40720.0
122160.0
488640.0
DGHP-FARMER:FRINGE BENEFIT
11000.0
750.0
750.0
750.0
2250.0
750.0
750.0
750.0
2250.0
750.0
750.0
750.0
2250.0
750.0
750.0
2750.0
4250.0
11000.0
DGHP-FARMER:TRAVEL
919760.0
0.0
0.0
88470.0
88470.0
0.0
328000.0
0.0
328000.0
85000.0
0.0
85000.0
170000.0
0.0
273290.0
0.0
273290.0
859760.0
DGHP-FARMER:EQUIPMENT
0.0
0.0
0.0
0.0
0.0
0.0
0.0
0.0
0.0
0.0
0.0
0.0
0.0
0.0
0.0
0.0
0.0
0.0
DGHP-FARMER:SUPPLIES
107100.0
0.0
0.0
0.0
0.0
0.0
107100.0
0.0
107100.0
0.0
0.0
0.0
0.0
0.0
0.0
0.0
0.0
107100.0
DGHP-FARMER:CONTRACT
0.0
0.0
0.0
0.0
0.0
0.0
0.0
0.0
0.0
0.0
0.0
0.0
0.0
0.0
0.0
0.0
0.0
0.0
DGHP-FARMER:CONSTRUCTION
0.0
0.0
0.0
0.0
0.0
0.0
0.0
0.0
0.0
0.0
0.0
0.0
0.0
0.0
0.0
0.0
0.0
0.0
DGHP-FARMER:OTHER
487065.37
0.0
2400.0
2450.0
4850.0
62000.0
310250.0
13600.0
385850.0
15250.0
47000.0
12250.0
74500.0
33855.37
45010.0
3000.0
81865.37
547065.37
