DGMQ-NR6:PERSONNEL
75684.0
6307.02
6307.02
6307.02
18921.06
6307.02
6307.02
6306.78
18920.82
6307.02
6307.02
6307.02
18921.06
6307.02
6307.02
6307.02
18921.06
75684.0
DGMQ-NR6:FRINGE BENEFIT
0.0
0.0
0.0
0.0
0.0
0.0
0.0
0.0
0.0
0.0
0.0
0.0
0.0
0.0
0.0
0.0
0.0
0.0
DGMQ-NR6:TRAVEL
167300.0
0.0
0.0
0.0
0.0
37500.0
0.0
77000.0
114500.0
0.0
0.0
0.0
0.0
0.0
52800.0
0.0
52800.0
167300.0
DGMQ-NR6:EQUIPMENT
0.0
0.0
0.0
0.0
0.0
0.0
0.0
0.0
0.0
0.0
0.0
0.0
0.0
0.0
0.0
0.0
0.0
0.0
DGMQ-NR6:SUPPLIES
15000.0
0.0
0.0
0.0
0.0
0.0
0.0
15000.0
15000.0
0.0
0.0
0.0
0.0
0.0
0.0
0.0
0.0
15000.0
DGMQ-NR6:CONTRACT
0.0
0.0
0.0
0.0
0.0
0.0
0.0
0.0
0.0
0.0
0.0
0.0
0.0
0.0
0.0
0.0
0.0
0.0
DGMQ-NR6:CONSTRUCTION
0.0
0.0
0.0
0.0
0.0
0.0
0.0
0.0
0.0
0.0
0.0
0.0
0.0
0.0
0.0
0.0
0.0
0.0
DGMQ-NR6:OTHER
197815.93
0.0
0.0
0.0
0.0
21000.0
12400.0
0.0
33400.0
0.0
88240.0
0.0
88240.0
0.0
62600.0
0.0
62600.0
184240.0
