DGMQ-NR5:PERSONNEL
472776.0
39398.0
39398.0
39398.0
118194.0
39398.0
39398.0
39398.0
118194.0
39398.0
39398.0
39398.0
118194.0
39398.0
39398.0
39398.0
118194.0
472776.0
DGMQ-NR5:FRINGE BENEFIT
11000.0
750.0
750.0
750.0
2250.0
750.0
750.0
750.0
2250.0
750.0
750.0
750.0
2250.0
2750.0
750.0
750.0
4250.0
11000.0
DGMQ-NR5:TRAVEL
653600.0
0.0
0.0
128820.0
128820.0
0.0
180780.0
120000.0
300780.0
86000.0
52000.0
43000.0
181000.0
43000.0
0.0
0.0
43000.0
653600.0
DGMQ-NR5:EQUIPMENT
0.0
0.0
0.0
0.0
0.0
0.0
0.0
0.0
0.0
0.0
0.0
0.0
0.0
0.0
0.0
0.0
0.0
0.0
DGMQ-NR5:SUPPLIES
24000.0
0.0
0.0
0.0
0.0
0.0
24000.0
0.0
24000.0
0.0
0.0
0.0
0.0
0.0
0.0
0.0
0.0
24000.0
DGMQ-NR5:CONTRACT
0.0
0.0
0.0
0.0
0.0
0.0
0.0
0.0
0.0
0.0
0.0
0.0
0.0
0.0
0.0
0.0
0.0
0.0
DGMQ-NR5:CONSTRUCTION
0.0
0.0
0.0
0.0
0.0
0.0
0.0
0.0
0.0
0.0
0.0
0.0
0.0
0.0
0.0
0.0
0.0
0.0
DGMQ-NR5:OTHER
463267.51
0.0
0.0
57350.0
57350.0
0.0
96600.0
51750.0
148350.0
58400.0
60593.0
25000.0
143993.0
21880.0
91694.51
0.0
113574.51
463267.51
