DIFF-CARE:PERSONNEL
1197576.0
87898.0
87898.0
87898.0
263694.0
87898.0
87898.0
87898.0
263694.0
87898.0
87898.0
87898.0
263694.0
87898.0
87898.0
87898.0
263694.0
1054776.0
DIFF-CARE:FRINGE BENEFIT
33000.0
1500.0
1500.0
1500.0
4500.0
1500.0
1500.0
1500.0
4500.0
1500.0
1500.0
1500.0
4500.0
1500.0
5500.0
1500.0
8500.0
22000.0
DIFF-CARE:TRAVEL
1602100.0
0.0
0.0
514000.0
514000.0
375000.0
175000.0
30000.0
580000.0
70000.0
70000.0
368100.0
508100.0
0.0
0.0
0.0
0.0
1602100.0
DIFF-CARE:EQUIPMENT
65000.0
0.0
0.0
0.0
0.0
65000.0
0.0
0.0
65000.0
0.0
0.0
0.0
0.0
0.0
0.0
0.0
0.0
65000.0
DIFF-CARE:SUPPLIES
30000.0
0.0
0.0
0.0
0.0
30000.0
0.0
0.0
30000.0
0.0
0.0
0.0
0.0
0.0
0.0
0.0
0.0
30000.0
DIFF-CARE:OTHER
1186324.0
0.0
0.0
48000.0
48000.0
42000.0
277348.0
161000.0
480348.0
97000.0
88000.0
231000.0
416000.0
199476.0
24500.0
18000.0
241976.0
1186324.0
