FLU-BANGKOK:PERSONNEL
877800.0
73150.0
73150.0
73150.0
219450.0
73150.0
73150.0
73150.0
219450.0
73150.0
73150.0
73150.0
219450.0
73150.0
73150.0
73150.0
219450.0
877800.0
FLU-BANGKOK:FRINGE BENEFIT
21000.0
1500.0
1500.0
1500.0
4500.0
1500.0
1500.0
1500.0
4500.0
1500.0
1500.0
1500.0
4500.0
1500.0
4500.0
1500.0
7500.0
21000.0
FLU-BANGKOK:TRAVEL
24000.0
2000.0
2000.0
2000.0
6000.0
2000.0
2000.0
2000.0
6000.0
2000.0
2000.0
2000.0
6000.0
2000.0
2000.0
2000.0
6000.0
24000.0
FLU-BANGKOK:EQUIPMENT
0.0
0.0
0.0
0.0
0.0
0.0
0.0
0.0
0.0
0.0
0.0
0.0
0.0
0.0
0.0
0.0
0.0
0.0
FLU-BANGKOK:SUPPLIES
120000.0
10000.0
10000.0
10000.0
30000.0
10000.0
10000.0
10000.0
30000.0
10000.0
10000.0
10000.0
30000.0
10000.0
10000.0
10000.0
30000.0
120000.0
FLU-BANGKOK:CONTRACT


















FLU-BANGKOK:CONSTRUCTION


















FLU-BANGKOK:OTHER
94000.0
2000.0
3000.0
3000.0
8000.0
48000.0
3000.0
18000.0
69000.0
3000.0
3000.0
3000.0
9000.0
3000.0
3000.0
2000.0
8000.0
94000.0
