FLU-TREATMENT:PERSONNEL
869280.0
64660.0
64660.0
64660.0
193980.0
80220.0
80220.0
80220.0
240660.0
72440.0
72440.0
72440.0
217320.0
72440.0
72440.0
72440.0
217320.0
869280.0
FLU-TREATMENT:FRINGE BENEFIT
33000.0
2250.0
2250.0
2250.0
6750.0
2250.0
2250.0
8250.0
12750.0
2250.0
2250.0
2250.0
6750.0
2250.0
2250.0
2250.0
6750.0
33000.0
FLU-TREATMENT:TRAVEL
656000.0
0.0
0.0
0.0
0.0
100000.0
71700.0
74800.0
246500.0
71700.0
0.0
130100.0
201800.0
74800.0
71700.0
61200.0
207700.0
656000.0
FLU-TREATMENT:EQUIPMENT
0.0
0.0
0.0
0.0
0.0
0.0
0.0
0.0
0.0



0.0
0.0
0.0
0.0
0.0
0.0
FLU-TREATMENT:SUPPLIES
33204.22
0.0
0.0
0.0
0.0
0.0
0.0
18500.0
18500.0
0.0
0.0
0.0
0.0
0.0
14704.22
0.0
14704.22
33204.22
FLU-TREATMENT:CONTRACT
200000.0
0.0
0.0
0.0
0.0
0.0
0.0
0.0
0.0
0.0
0.0
200000.0
200000.0
0.0
0.0
0.0
0.0
200000.0
FLU-TREATMENT:OTHER
253000.0
319.93
319.93
0.0
639.86
2000.0
19600.0
44500.0
66100.0
19600.0
16000.0
19600.0
55200.0
44500.0
19600.0
66960.14
131060.14
253000.0
