FLU-DARRT:PERSONNEL
3940324.0
79350.0
245694.0
279894.0
604938.0
311534.0
343534.0
343534.0
998602.0
343534.0
343534.0
343534.0
1030602.0
343534.0
343534.0
343954.0
1031022.0
3665164.0
FLU-DARRT:FRINGE BENEFIT
88000.0
1500.0
4500.0
4500.0
10500.0
5250.0
5250.0
5250.0
15750.0
5250.0
5250.0
21250.0
31750.0
5250.0
5250.0
5250.0
15750.0
73750.0
FLU-DARRT:TRAVEL
2037520.0
0.0
0.0
95410.0
95410.0
152600.0
621500.0
165470.0
939570.0
63820.0
3500.0
92660.0
159980.0
113860.0
3500.0
725200.0
842560.0
2037520.0
FLU-DARRT:EQUIPMENT
457302.74
0.0
0.0
0.0
0.0
0.0
457301.74
0.0
457301.74
0.0
0.0
0.0
0.0
0.0
0.0
0.0
0.0
457301.74
FLU-DARRT:SUPPLIES
2955845.0
0.0
0.0
0.0
0.0
35000.0
1160000.0
0.0
1195000.0
50000.0
547000.0
564845.0
1161845.0
50000.0
549000.0
0.0
599000.0
2955845.0
FLU-DARRT:CONTRACT
0.0
0.0
0.0
0.0
0.0
0.0
0.0
0.0
0.0
0.0
0.0
0.0
0.0
0.0
0.0
0.0
0.0
0.0
FLU-DARRT:CONSTRUCTION
0.0
0.0
0.0
0.0
0.0
0.0
0.0
0.0
0.0
0.0
0.0
0.0
0.0
0.0
0.0
0.0
0.0
0.0
FLU-DARRT:OTHER
3750405.0
0.0
8000.0
116980.0
124980.0
283700.0
886000.0
188200.0
1357900.0
251200.0
508520.0
193200.0
952920.0
265200.0
234200.0
350000.0
849400.0
3285200.0
