GAP-CB:PERSONNEL
240816.0
18860.0
18860.0
18860.0
56580.0
20060.0
20060.0
20060.0
60180.0
20060.0
20060.0
20060.0
60180.0
20060.0
20060.0
23756.0
63876.0
240816.0
GAP-CB:FRINGE BENEFIT
11000.0
750.0
750.0
750.0
2250.0
750.0
750.0
750.0
2250.0
750.0
2750.0
750.0
4250.0
750.0
750.0
750.0
2250.0
11000.0
GAP-CB:TRAVEL
273206.0
0.0
1700.0
48520.0
50220.0
30000.0
51480.0
58346.0
139826.0
0.0
78160.0
0.0
78160.0
5000.0
0.0
0.0
5000.0
273206.0
GAP-CB:EQUIPMENT
3400.0
0.0
0.0
0.0
0.0
0.0
3400.0
0.0
3400.0
0.0
0.0
0.0
0.0
0.0
0.0
0.0
0.0
3400.0
GAP-CB:SUPPLIES
26520.0
0.0
0.0
0.0
0.0
0.0
8160.0
2040.0
10200.0
2040.0
2040.0
0.0
4080.0
10200.0
2040.0
0.0
12240.0
26520.0
GAP-CB:CONTRACT
0.0
0.0
0.0
0.0
0.0
0.0
0.0
0.0
0.0
0.0
0.0
0.0
0.0
0.0
0.0
0.0
0.0
0.0
GAP-CB:CONSTRUCTION
0.0
0.0
0.0
0.0
0.0
0.0
0.0
0.0
0.0
0.0
0.0
0.0
0.0
0.0
0.0
0.0
0.0
0.0
GAP-CB:OTHER
2371290.1
0.0
21930.0
274530.0
296460.0
40000.0
60000.0
47000.0
147000.0
68000.0
46440.0
102100.0
216540.0
11030.0
394340.0
1305920.1
1711290.1
2371290.1
