ITC:PERSONNEL
690720.0
57000.0
57000.0
57000.0
171000.0
57000.0
57000.0
60360.0
174360.0
57000.0
57000.0
60360.0
174360.0
57000.0
57000.0
57000.0
171000.0
690720.0
ITC:FRINGE BENEFIT
22000.0
1500.0
1500.0
1500.0
4500.0
1500.0
1500.0
1500.0
4500.0
1500.0
1500.0
1500.0
4500.0
1500.0
1500.0
5500.0
8500.0
22000.0
ITC:TRAVEL
313000.0
0.0
20000.0
50000.0
70000.0
20000.0
50000.0
50000.0
120000.0
75000.0
0.0
0.0
75000.0
0.0
0.0
48000.0
48000.0
313000.0
ITC:SUPPLIES
24000.0
2000.0
2000.0
2000.0
6000.0
2000.0
2000.0
2000.0
6000.0
2000.0
2000.0
2000.0
6000.0
2000.0
2000.0
2000.0
6000.0
24000.0
ITC:OTHER
367945.48
11850.0
14850.0
57030.0
83730.0
13830.0
167623.48
11830.0
193283.48
18830.0
11830.0
11830.0
42490.0
11830.0
11830.0
24782.0
48442.0
367945.48
