LAB-STRATEGY:PERSONNEL
264600.0
7500.0
15000.0
15000.0
37500.0
23400.0
23400.0
23400.0
70200.0
23400.0
23400.0
23400.0
70200.0
23400.0
23400.0
23400.0
70200.0
248100.0
LAB-STRATEGY:FRINGE BENEFIT
11000.0
375.0
750.0
750.0
1875.0
750.0
750.0
750.0
2250.0
750.0
2750.0
750.0
4250.0
750.0
750.0
750.0
2250.0
10625.0
LAB-STRATEGY:TRAVEL
285000.0
0.0
0.0
20164.0
20164.0
0.0
88200.0
176636.0
264836.0
0.0
0.0
0.0
0.0
0.0
0.0
0.0
0.0
285000.0
LAB-STRATEGY:EQUIPMENT
0.0
0.0
0.0
0.0
0.0
0.0
0.0
0.0
0.0
0.0
0.0
0.0
0.0
0.0
0.0
0.0
0.0
0.0
LAB-STRATEGY:SUPPLIES
59200.0
0.0
0.0
0.0
0.0
0.0
39200.0
0.0
39200.0
0.0
20000.0
0.0
20000.0
0.0
0.0
0.0
0.0
59200.0
LAB-STRATEGY:CONTRACT
0.0
















0.0
LAB-STRATEGY:CONSTRUCTION
0.0
















0.0
LAB-STRATEGY:OTHER
277962.88
0.0
0.0
3400.0
3400.0
0.0
84600.0
167200.0
251800.0
0.0
0.0
0.0
0.0
0.0
0.0
22762.88
22762.88
277962.88
