LAB-TB-EQA:PERSONNEL
96000.0
0.0
0.0
0.0
0.0
0.0
12000.0
12000.0
24000.0
12000.0
12000.0
12000.0
36000.0
12000.0
12000.0
12000.0
36000.0
96000.0
LAB-TB-EQA:FRINGE BENEFIT


















LAB-TB-EQA:TRAVEL
398000.0
0.0
0.0
0.0
0.0
0.0
0.0
350000.0
350000.0
0.0
0.0
0.0
0.0
0.0
0.0
0.0
0.0
350000.0
LAB-TB-EQA:EQUIPMENT








0.0









LAB-TB-EQA:SUPPLIES
377000.0
0.0
0.0
0.0
0.0
-


0.0
350000.0
27000.0

377000.0


0.0
0.0
377000.0
LAB-TB-EQA:CONTRACT
0.0

















LAB-TB-EQA:CONSTRUCTION
0.0

















LAB-TB-EQA:OTHER
228168.12
0.0
0.0
0.0
0.0
0.0
48500.0
65400.0
113900.0
0.0
21100.0
43500.0
64600.0
5000.0
13500.0
0.0
18500.0
197000.0
