NCD-RTI:PERSONNEL
10200.0
0.0
0.0
0.0
0.0
0.0
0.0
5100.0
5100.0
0.0
0.0
0.0
0.0
0.0
0.0
0.0
0.0
5100.0
NCD-RTI:FRINGE BENEFIT
0.0
0.0
0.0
0.0
0.0
0.0
0.0
0.0
0.0
0.0
0.0
0.0
0.0
0.0
0.0
0.0
0.0
0.0
NCD-RTI:TRAVEL
500.0
0.0
0.0
0.0
0.0
0.0
250.0
250.0
500.0
0.0
0.0
0.0
0.0
0.0
0.0
0.0
0.0
500.0
NCD-RTI:EQUIPMENT
0.0
0.0
0.0
0.0
0.0
0.0
0.0
0.0
0.0
0.0
0.0
0.0
0.0
0.0
0.0
0.0
0.0
0.0
NCD-RTI:SUPPLIES
1817.22
0.0
0.0
0.0
0.0
1817.22
0.0
0.0
1817.22
0.0
0.0
0.0
0.0
0.0
0.0
0.0
0.0
1817.22
NCD-RTI:CONTRACT
0.0
0.0
0.0
0.0
0.0
0.0
0.0
0.0
0.0
0.0
0.0
0.0
0.0
0.0
0.0
0.0
0.0
0.0
NCD-RTI:OTHER
86000.0
500.0
500.0
500.0
1500.0
500.0
50500.0
10500.0
61500.0
10500.0
10500.0
500.0
21500.0
500.0
500.0
500.0
1500.0
86000.0
