NCD-CVD:PERSONNEL
283680.0
15000.0
15000.0
15000.0
45000.0
16920.0
16920.0
16920.0
50760.0
16920.0
16920.0
16920.0
50760.0
16920.0
16920.0
16920.0
50760.0
197280.0
NCD-CVD:FRINGE BENEFIT
11000.0
750.0
750.0
750.0
2250.0
750.0
750.0
2750.0
4250.0
750.0
750.0
750.0
2250.0
750.0
750.0
750.0
2250.0
11000.0
NCD-CVD:TRAVEL
188600.0
300.0
300.0
300.0
900.0
300.0
45300.0
45300.0
90900.0
45300.0
300.0
300.0
45900.0
50300.0
300.0
300.0
50900.0
188600.0
NCD-CVD:EQUIPMENT
33000.0
0.0
0.0
0.0
0.0
33000.0
0.0
0.0
33000.0
0.0
0.0
0.0
0.0
0.0
0.0
0.0
0.0
33000.0
NCD-CVD:SUPPLIES
175579.09
0.0
0.0
0.0
0.0
20576.1
33258.81
0.0
53834.91
14931.19
0.0
0.0
14931.19
0.0
0.0
0.0
0.0
68766.1
NCD-CVD:OTHER
344843.0
0.0
300.0
300.0
600.0
19000.0
36800.0
25300.0
81100.0
0.0
0.0
2500.0
2500.0
0.0
2500.0
2500.0
5000.0
89200.0
