NCD-CANCER:PERSONNEL
50400.0
0.0
0.0
4200.0
4200.0
5040.0
5040.0
5040.0
15120.0
5040.0
5040.0
5040.0
15120.0
5040.0
5040.0
5040.0
15120.0
49560.0
NCD-CANCER:FRINGE BENEFIT
0.0
0.0
0.0
0.0
0.0
0.0
0.0
0.0
0.0
0.0
0.0
0.0
0.0
0.0
0.0
0.0
0.0
0.0
NCD-CANCER:TRAVEL
1071000.0
0.0
0.0
0.0
0.0
0.0
174000.0
322000.0
496000.0
358500.0
139500.0
77000.0
575000.0
0.0
0.0
0.0
0.0
1071000.0
NCD-CANCER:EQUIPMENT
99927.26
0.0
0.0
0.0
0.0
0.0
0.0
0.0
0.0
99927.26
0.0
0.0
99927.26
0.0
0.0
0.0
0.0
99927.26
NCD-CANCER:SUPPLIES
20100.0
0.0
0.0
0.0
0.0
0.0
0.0
0.0
0.0
20100.0
0.0
0.0
20100.0
0.0
0.0
0.0
0.0
20100.0
NCD-CANCER:CONTRACT
1044900.0
0.0
0.0
0.0
0.0
0.0
0.0
0.0
0.0
0.0
0.0
0.0
0.0
1044900.0
0.0
0.0
1044900.0
1044900.0
NCD-CANCER:CONSTRUCTION
0.0
0.0
0.0
0.0
0.0
0.0
0.0
0.0
0.0
0.0
0.0
0.0
0.0
0.0
0.0
0.0
0.0
0.0
NCD-CANCER:OTHER
733336.0
0.0
0.0
0.0
0.0
85286.0
30000.0
101810.0
217096.0
91810.0
61810.0
33810.0
187430.0
28810.0
300000.0
0.0
328810.0
733336.0
