PIF-S&D:PERSONNEL
55000.0
0.0
0.0
0.0
0.0
0.0
48000.0
48000.0
96000.0
48000.0
0.0
0.0
48000.0
0.0
0.0
0.0
0.0
144000.0
PIF-S&D:FRINGE BENEFIT
2250.0
0.0
0.0
0.0
0.0
0.0
1500.0
1500.0
1500.0



0.0



0.0
1500.0
PIF-S&D:TRAVEL
1577550.0
0.0
84770.0
952000.0
1036770.0
0.0
450000.0
0.0
450000.0



0.0



0.0
1486770.0
PIF-S&D:EQUIPMENT
0.0




0.0
0.0
0.0










PIF-S&D:SUPPLIES
0.0
0.0
0.0
0.0
0.0
0.0
0.0
0.0
0.0



0.0



0.0
0.0
PIF-S&D:CONTRACT


















PIF-S&D:CONSTRUCTION
0.0

















PIF-S&D:OTHER
84200.0
0.0
69950.0
0.0
69950.0
0.0
15280.0
0.0
15280.0



0.0



0.0
85230.0
