PIF-CBO:PERSONNEL
1104000.0
0.0
15677.42
18000.0
33677.42
284000.0
92000.0
142322.58
518322.58
92000.0
92000.0
92000.0
276000.0
92000.0
92000.0
92000.0
276000.0
1104000.0
PIF-CBO:FRINGE BENEFIT
55000.0
0.0
750.0
750.0
1500.0
36750.0
10750.0
1500.0
49000.0
750.0
750.0
750.0
2250.0
750.0
750.0
750.0
2250.0
55000.0
PIF-CBO:TRAVEL
1195400.0
0.0
109985.0
0.0
109985.0
584000.0
310515.0
35000.0
929515.0
73900.0
30500.0
30500.0
134900.0
20500.0
500.0
0.0
21000.0
1195400.0
PIF-CBO:EQUIPMENT
390000.0
0.0
0.0
0.0
0.0
390000.0
0.0
0.0
390000.0
0.0
0.0
0.0
0.0
0.0
0.0
0.0
0.0
390000.0
PIF-CBO:SUPPLIES
100000.0
0.0
0.0
0.0
0.0
100000.0
0.0
0.0
100000.0
0.0
0.0
0.0
0.0
0.0
0.0
0.0
0.0
100000.0
PIF-CBO:CONTRACT


















PIF-CBO:CONSTRUCTION
0.0

















PIF-CBO:OTHER
6845600.0
95000.0
30100.0
4920.0
130020.0
6069280.0
289900.0
10000.0
6369180.0
101300.0
135000.0
20000.0
256300.0
65100.0
20000.0
5000.0
90100.0
6845600.0
