PIF-BATS:PERSONNEL
1953000.0
0.0
119357.0
60000.0
179357.0
265500.0
265500.0
266143.0
797143.0
162750.0
162750.0
162750.0
488250.0
162750.0
162750.0
162750.0
488250.0
1953000.0
PIF-BATS:FRINGE BENEFIT
42000.0
0.0
4500.0
2250.0
6750.0
9000.0
3000.0
3000.0
15000.0
3750.0
3750.0
3750.0
11250.0
3000.0
3000.0
3000.0
9000.0
42000.0
PIF-BATS:TRAVEL
468000.0
0.0
0.0
0.0
0.0
60000.0
0.0
0.0
60000.0
151000.0
106000.0
106000.0
363000.0
45000.0
0.0
0.0
45000.0
468000.0
PIF-BATS:EQUIPMENT
152000.0
0.0
0.0
0.0
0.0
152000.0
0.0
0.0
152000.0
0.0
0.0
0.0
0.0
0.0
0.0
0.0
0.0
152000.0
PIF-BATS:SUPPLIES
120000.0
0.0
0.0
0.0
0.0
20000.0
20000.0
20000.0
60000.0
10000.0
10000.0
10000.0
30000.0
10000.0
10000.0
10000.0
30000.0
120000.0
PIF-BATS:CONTRACT




0.0



0.0



0.0



0.0
0.0
PIF-BATS:CONSTRUCTION
0.0



0.0



0.0



0.0



0.0
0.0
PIF-BATS:OTHER
780690.42
0.0
0.0
0.0
0.0
75400.0
54200.0
166890.42
296490.42
133400.0
120400.0
71400.0
325200.0
40000.0
27000.0
92000.0
159000.0
780690.42
