PIF-PCM-HF:PERSONNEL
269500.0
0.0
0.0
0.0
0.0
65000.0
65000.0
65000.0
195000.0
62500.0
2500.0
2500.0
67500.0
2500.0
2500.0
2000.0
7000.0
269500.0
PIF-PCM-HF:FRINGE BENEFIT
11000.0
0.0
0.0
0.0
0.0
1500.0
1500.0
1500.0
4500.0
750.0
750.0
750.0
2250.0
750.0
750.0
2750.0
4250.0
11000.0
PIF-PCM-HF:TRAVEL
476000.0
0.0
0.0
32900.0
32900.0
278000.0
33100.0
30000.0
341100.0
30000.0
30000.0
30000.0
90000.0
12000.0
0.0
0.0
12000.0
476000.0
PIF-PCM-HF:EQUIPMENT


















PIF-PCM-HF:SUPPLIES
0.0
0.0
0.0
0.0
0.0
0.0
0.0
0.0
0.0
0.0
0.0
0.0
0.0
0.0
0.0
0.0
0.0
0.0
PIF-PCM-HF:CONTRACT


















PIF-PCM-HF:CONSTRUCTION
0.0

















PIF-PCM-HF:OTHER
637500.0
0.0
0.0
0.0
0.0
89750.0
117000.0
44000.0
250750.0
117000.0
46750.0
117000.0
280750.0
8250.0
8250.0
89500.0
106000.0
637500.0
