PREP2START-LAB:PERSONNEL
72000.0
0.0
0.0
0.0
0.0
6000.0
6000.0
6000.0
18000.0
6000.0
6000.0
6000.0
18000.0
6000.0
6000.0
24000.0
36000.0
72000.0
PREP2START-LAB:FRINGE BENEFIT
0.0
0.0
0.0
0.0
0.0
0.0
0.0
0.0
0.0
0.0
0.0
0.0
0.0
0.0
0.0
0.0
0.0
0.0
PREP2START-LAB:TRAVEL
868000.0
0.0
0.0
0.0
0.0
0.0
0.0
593000.0
593000.0
30000.0
0.0
215000.0
245000.0
0.0
30000.0
0.0
30000.0
868000.0
PREP2START-LAB:EQUIPMENT
0.0
0.0
0.0
0.0
0.0
0.0
0.0
0.0
0.0
0.0
0.0
0.0
0.0
0.0
0.0
0.0
0.0
0.0
PREP2START-LAB:SUPPLIES
15000.0
0.0
0.0
0.0
0.0
0.0
0.0
0.0
0.0
0.0
0.0
0.0
0.0
0.0
15000.0
0.0
15000.0
15000.0
PREP2START-LAB:OTHER
462475.63
0.0
0.0
0.0
0.0
0.0
0.0
219750.0
219750.0
122250.0
0.0
68750.0
191000.0
0.0
17250.0
34475.63
51725.63
462475.63
