SI-DTU:PERSONNEL
280660.0
19000.0
19000.0
19000.0
57000.0
53132.0
53132.0
53132.0
159396.0
32132.0
32132.0
0.0
64264.0
0.0
0.0
0.0
0.0
280660.0
SI-DTU:FRINGE BENEFIT
22000.0
750.0
750.0
750.0
2250.0
2250.0
2250.0
4250.0
8750.0
1500.0
3500.0
1500.0
6500.0
1500.0
1500.0
1500.0
4500.0
22000.0
SI-DTU:TRAVEL
807800.0
0.0
0.0
0.0
0.0
0.0
615800.0
32000.0
647800.0
32000.0
32000.0
32000.0
96000.0
32000.0
32000.0
0.0
64000.0
807800.0
SI-DTU:SUPPLIES
18200.0
0.0
0.0
0.0
0.0
2400.0
14600.0
600.0
17600.0
600.0
0.0
0.0
600.0
0.0
0.0
0.0
0.0
18200.0
SI-DTU:OTHER
338810.62
0.0
0.0
0.0
0.0
12200.0
73400.0
45000.0
130600.0
0.0
0.0
0.0
0.0
0.0
0.0
0.0
0.0
130600.0
