SI-SUR:PERSONNEL
1985484.0
106005.0
106005.0
119641.36
331651.36
172457.0
174957.0
174957.0
522371.0
174957.0
174957.0
184957.0
534871.0
184957.0
184957.0
226676.64
596590.64
1985484.0
SI-SUR:FRINGE BENEFIT
66000.0
3000.0
3000.0
3682.0
9682.0
4500.0
4500.0
4500.0
13500.0
4500.0
4500.0
4500.0
13500.0
16500.0
4500.0
8318.0
29318.0
66000.0
SI-SUR:TRAVEL
2800000.0
0.0
45900.0
1184100.0
1230000.0
280000.0
525000.0
765000.0
1570000.0
0.0
0.0
0.0
0.0
0.0
0.0
0.0
0.0
2800000.0
SI-SUR:EQUIPMENT
170284.0
0.0
0.0
0.0
0.0
0.0
0.0
170284.0
170284.0
0.0
0.0
0.0
0.0
0.0
0.0
0.0
0.0
170284.0
SI-SUR:SUPPLIES
1153716.0
0.0
0.0
0.0
0.0
33716.0
0.0
40000.0
73716.0
1020000.0
40000.0
0.0
1060000.0
0.0
20000.0
0.0
20000.0
1153716.0
SI-SUR:CONSTRUCTION
0.0
0.0
0.0
0.0
0.0



0.0
0.0
0.0
0.0
0.0
0.0
0.0
0.0
0.0
0.0
SI-SUR:OTHER
973193.21
802.5
24902.5
90999.0
116704.0
191125.0
206899.0
352379.0
750403.0
101386.21
899.0
899.0
103184.21
899.0
899.0
1104.0
2902.0
973193.21
