YMSM-CASCADE:PERSONNEL
713040.0
20000.0
20000.0
20000.0
60000.0
177680.0
59420.0
59420.0
296520.0
59420.0
59420.0
59420.0
178260.0
59420.0
59420.0
59420.0
178260.0
713040.0
YMSM-CASCADE:FRINGE BENEFIT
22000.0
750.0
750.0
750.0
2250.0
3750.0
1500.0
1500.0
6750.0
1500.0
1500.0
1500.0
4500.0
1500.0
1500.0
5500.0
8500.0
22000.0
YMSM-CASCADE:TRAVEL
18000.0
0.0
0.0
0.0
0.0
3000.0
3000.0
3000.0
9000.0
1500.0
1500.0
1500.0
4500.0
1500.0
1500.0
1500.0
4500.0
18000.0
YMSM-CASCADE:EQUIPMENT
31000.0
0.0
0.0
0.0
0.0
0.0
31000.0
0.0
31000.0
0.0
0.0
0.0
0.0
0.0
0.0
0.0
0.0
31000.0
YMSM-CASCADE:SUPPLIES
21360.0
0.0
0.0
0.0
0.0
0.0
21360.0
0.0
21360.0
0.0
0.0
0.0
0.0
0.0
0.0
0.0
0.0
21360.0
YMSM-CASCADE:OTHER
2297125.76
0.0
0.0
0.0
0.0
407925.0
406825.0
542425.0
1357175.0
217325.0
238200.0
124200.0
579725.0
108000.0
45000.0
207225.76
360225.76
2297125.76
